151644 8948 198 2610 525 264 10950 17847 13 151645 198 151644 872 198 108386 37945 109432 107828 151645 198 151644 77091 198
151644 8948 198 2610 525 264 10950 17847 13 151645 198 151644 872 198 16 10 16 107106 99195 11319 151645 198 151644 77091 198
151644 8948 198 2610 525 264 10950 17847 13 151645 198 151644 872 198 61443 46944 13027 88940 104 94299 74661 32804 151645 198 151644 77091 198
151644 8948 198 2610 525 264 10950 17847 13 151645 198 151644 872 198 104136 100158 106582 84648 19479 151645 198 151644 77091 198
151644 8948 198 2610 525 264 10950 17847 13 151645 198 151644 872 198 11622 105321 102050 104455 151645 198 151644 77091 198
151644 8948 198 2610 525 264 10950 17847 13 151645 198 151644 872 198 68990 105196 9370 106114 101037 11319 151645 198 151644 77091 198
151644 8948 198 2610 525 264 10950 17847 13 151645 198 151644 872 198 104169 101124 100134 356 1027 43589 101898 151645 198 151644 77091 198
151644 8948 198 2610 525 264 10950 17847 13 151645 198 151644 872 198 99360 23811 1879 10236 123 119 102610 12857 104811 151645 198 151644 77091 198
151644 8948 198 2610 525 264 10950 17847 13 151645 198 151644 872 198 3838 374 279 6722 315 9625 30 151645 198 151644 77091 198
151644 8948 198 2610 525 264 10950 17847 13 151645 198 151644 872 198 7985 264 2805 356 1027 729 311 912 1378 25780 13 151645 198 151644 77091 198
151644 8948 198 2610 525 264 10950 17847 13 151645 198 151644 872 198 100768 220 17 18 353 220 16 22 43589 59151 151645 198 151644 77091 198
151644 8948 198 2610 525 264 10950 17847 13 151645 198 151644 872 198 14880 11622 117670 9370 110098 61443 104670 40542 42278 102050 151645 198 151644 77091 198
151644 8948 198 2610 525 264 10950 17847 13 151645 198 151644 872 198 98237 41932 67137 18 20 23 23 451 6325 43589 100154 151645 198 151644 77091 198
151644 8948 198 2610 525 264 10950 17847 13 151645 198 151644 872 198 43959 46944 4718 3837 102298 829 58143 4231 73312 37474 151645 198 151644 77091 198
151644 8948 198 2610 525 264 10950 17847 13 151645 198 151644 872 198 62244 100644 111926 3837 35946 99730 99278 99245 11319 151645 198 151644 77091 198
151644 8948 198 2610 525 264 10950 17847 13 151645 198 151644 872 198 104136 100158 102746 63109 99433 90885 55980 47116 151645 198 151644 77091 198
